6.649114608764648
6.578806161880493
6.607423305511475
6.807897567749023
6.648503303527832
6.629631996154785
6.666904926300049
6.622710227966309
6.610700845718384
6.6210777759552
6.665473461151123
6.667616128921509
6.662038326263428
6.623450040817261
7.105024576187134
7.055577039718628
6.537802457809448
6.4745566844940186
6.551923990249634
6.535525560379028
6.508532524108887
6.482524633407593
6.490036725997925
6.541656017303467
6.570127487182617
6.556471347808838
6.693302869796753
6.703927516937256
6.713417291641235
6.651673078536987
6.695619106292725
6.6702351570129395
6.781332731246948
6.674091100692749
6.646313190460205
6.895864725112915
6.695028781890869
6.599348545074463
6.647305965423584
6.739819765090942
6.925227642059326
6.599239826202393
6.672438859939575
6.749505281448364
6.684359788894653
6.637296676635742
6.888197422027588
6.782840013504028
6.638166427612305
6.679428577423096
