4.100266933441162
4.02197003364563
4.21042537689209
4.220292806625366
4.12286901473999
4.168841600418091
4.0751378536224365
4.232405662536621
4.114364147186279
4.007962703704834
3.955195426940918
4.139469385147095
4.106260299682617
4.2634336948394775
4.2346031665802
4.053654193878174
4.000635385513306
3.9740588665008545
4.034576892852783
4.071863174438477
4.056167364120483
4.082226037979126
4.058033466339111
4.146162748336792
4.103637456893921
4.048469066619873
4.100000858306885
4.103971004486084
4.051580429077148
4.075209617614746
4.098759412765503
4.252297639846802
4.092561960220337
4.093207120895386
4.094692230224609
4.107381105422974
4.0684709548950195
4.188640594482422
4.172966718673706
4.156583547592163
4.118197441101074
4.163043975830078
4.2150726318359375
4.119249582290649
4.060062408447266
4.2137346267700195
4.10589599609375
4.145178556442261
4.042536735534668
4.139019012451172
