6.376133680343628
6.27552604675293
6.313179969787598
6.264294624328613
6.435498476028442
6.407299995422363
6.207338571548462
6.275171995162964
6.414933443069458
6.290884017944336
6.293829441070557
6.2500433921813965
6.321096897125244
6.393273115158081
6.332017183303833
6.370556354522705
6.167278051376343
6.185558795928955
6.248823881149292
6.180068254470825
6.206583261489868
6.203355073928833
6.309381723403931
6.164844512939453
6.596673250198364
6.358814716339111
6.398915767669678
6.256410598754883
6.333342552185059
6.313433885574341
6.271051406860352
6.433929204940796
6.335841417312622
6.321749925613403
6.290326118469238
6.275387763977051
6.297248601913452
6.319586277008057
6.302626371383667
6.466584205627441
6.353755235671997
6.3459312915802
6.367643117904663
6.27217173576355
6.512433290481567
6.517603874206543
6.304620265960693
6.276571750640869
6.318677186965942
6.395979881286621
