7.268505334854126
7.3720009326934814
7.202001094818115
7.4504992961883545
7.255501985549927
7.20250391960144
7.235499620437622
7.44100022315979
7.223501920700073
7.381503582000732
7.447481155395508
7.245000600814819
7.375500440597534
7.232000350952148
7.240999698638916
7.261000156402588
7.2445008754730225
7.317999839782715
7.322497606277466
7.355501651763916
7.394000291824341
7.2694993019104
7.254501104354858
7.2240002155303955
7.247002363204956
7.268001317977905
7.236001491546631
7.252002477645874
7.235500335693359
7.225500583648682
7.228021860122681
7.1370015144348145
7.3594512939453125
7.2109997272491455
7.392499685287476
7.190555095672607
7.15350079536438
7.332000017166138
7.178592205047607
7.290511846542358
7.294000148773193
7.157041788101196
7.21404504776001
7.167999744415283
7.114999771118164
7.289000749588013
7.32105278968811
7.143543004989624
7.318957567214966
7.265455961227417
