7.187497615814209
7.208999156951904
7.174999952316284
7.169999837875366
7.177500247955322
7.368999719619751
7.2664995193481445
7.212500095367432
7.165498733520508
7.190497636795044
7.159001111984253
7.331502199172974
7.2184998989105225
7.284998655319214
7.206000328063965
7.25150203704834
7.342499732971191
7.3650007247924805
7.381000757217407
7.343998193740845
7.310504198074341
7.295000314712524
7.293500661849976
7.341999769210815
7.285999059677124
7.346501350402832
7.227001667022705
7.295997142791748
7.381004095077515
7.320501089096069
7.20053505897522
7.167001008987427
7.242000102996826
7.289499998092651
7.1860435009002686
7.187945127487183
7.192999362945557
7.219505310058594
7.20841121673584
7.120043516159058
7.105499982833862
7.1764585971832275
7.095460891723633
7.082000732421875
7.189547538757324
7.1334991455078125
7.107943534851074
7.210541009902954
7.132050275802612
7.098549127578735
