1.560281
1.392509
1.3421773
1.3421773
1.2750684
1.2582912
1.3589545
1.392509
1.3086228
1.2750684
1.1744051
1.1744051
1.241514
1.4092861
1.3421773
1.4092861
1.3086228
1.3421773
1.5099494
1.1744051
1.3254001
1.3757317
1.3086228
1.3254001
1.2750684
1.392509
1.3254001
1.3086228
1.4931722
1.3757317
1.2079595
1.3421773
1.2079595
1.4260634
1.4931722
1.2918457
1.392509
1.3254001
1.4092861
1.392509
1.4260634
1.3589545
1.3086228
1.4260634
1.4931722
1.3254001
1.2582912
1.2582912
1.2918457
1.4596177
