1.0737418
0.9227469
0.9227469
0.97307855
0.97307855
0.87241524
0.87241524
0.98985577
0.87241524
0.9059697
0.97307855
0.88919246
0.9059697
0.855638
0.87241524
1.0066329
0.9395241
0.98985577
0.95630133
0.9395241
0.8388608
1.0737418
0.9227469
0.9395241
0.98985577
0.88919246
0.9059697
0.97307855
0.95630133
0.98985577
0.9227469
1.0401874
1.0066329
1.0401874
0.97307855
0.95630133
1.0401874
1.1240735
0.9395241
1.0066329
0.9395241
0.9227469
0.95630133
0.98985577
1.0569646
0.9227469
0.855638
0.9395241
0.87241524
0.97307855
