4.556999683380127
4.735448122024536
4.509498596191406
4.733999967575073
4.57199764251709
4.494997262954712
4.719498872756958
4.4969987869262695
4.508498191833496
4.540517807006836
4.538996696472168
4.5395026206970215
4.56499981880188
4.497500896453857
4.666498899459839
4.608496427536011
4.747497797012329
4.558002233505249
4.509505033493042
4.555499315261841
4.455995798110962
4.683497667312622
4.4739990234375
4.674499750137329
4.618998765945435
4.626497030258179
4.651997804641724
4.471499919891357
4.49249529838562
4.479999303817749
4.5514607429504395
4.542047023773193
4.699997425079346
4.831001043319702
4.494455099105835
4.4840004444122314
4.611998081207275
4.621000051498413
4.509497165679932
4.629945516586304
4.527999401092529
4.551995277404785
4.428450345993042
4.426999807357788
4.665993690490723
4.632004022598267
4.59299898147583
4.4994590282440186
4.526493310928345
4.470942258834839
