CMDLINE /usr/bin/python multi_data.py
MEM 0.718750 1666591489.4093
MEM 133.429688 1666591489.5889
CHLD 0 50.160156 1666591489.6202
CHLD 1 51.171875 1666591489.6203
CHLD 2 44.480469 1666591489.6205
MEM 232.898438 1666591489.7538
CHLD 0 82.644531 1666591489.7860
CHLD 1 83.914062 1666591489.7861
CHLD 2 77.480469 1666591489.7863
MEM 332.156250 1666591489.9197
CHLD 0 115.128906 1666591489.9519
CHLD 1 117.171875 1666591489.9520
CHLD 2 110.738281 1666591489.9521
MEM 431.671875 1666591490.0858
CHLD 0 148.128906 1666591490.1182
CHLD 1 150.429688 1666591490.1183
CHLD 2 144.253906 1666591490.1184
MEM 486.136719 1666591490.2425
CHLD 0 159.132812 1666591490.2655
CHLD 1 160.738281 1666591490.2656
CHLD 2 158.945312 1666591490.2657
MEM 490.546875 1666591490.3895
CHLD 0 160.339844 1666591490.4127
CHLD 1 163.542969 1666591490.4128
CHLD 2 159.382812 1666591490.4128
MEM 495.152344 1666591490.5367
CHLD 0 161.367188 1666591490.5598
CHLD 1 166.468750 1666591490.5599
CHLD 2 159.894531 1666591490.5600
MEM 499.683594 1666591490.6838
CHLD 0 162.660156 1666591490.7069
CHLD 1 169.308594 1666591490.7070
CHLD 2 160.402344 1666591490.7070
MEM 504.175781 1666591490.8310
CHLD 0 163.691406 1666591490.8541
CHLD 1 172.144531 1666591490.8542
CHLD 2 160.917969 1666591490.8542
MEM 508.539062 1666591490.9780
CHLD 0 164.980469 1666591491.0011
CHLD 1 174.960938 1666591491.0012
CHLD 2 161.433594 1666591491.0013
MEM 513.011719 1666591491.1251
CHLD 0 166.070312 1666591491.1482
CHLD 1 177.820312 1666591491.1483
CHLD 2 161.949219 1666591491.1483
MEM 517.644531 1666591491.2721
CHLD 0 167.101562 1666591491.2952
CHLD 1 180.656250 1666591491.2953
CHLD 2 162.207031 1666591491.2954
MEM 522.058594 1666591491.4191
CHLD 0 168.390625 1666591491.4422
CHLD 1 183.523438 1666591491.4423
CHLD 2 162.722656 1666591491.4424
MEM 526.796875 1666591491.5662
CHLD 0 169.421875 1666591491.5893
CHLD 1 186.457031 1666591491.5894
CHLD 2 163.238281 1666591491.5895
MEM 531.179688 1666591491.7134
CHLD 0 170.710938 1666591491.7364
CHLD 1 189.292969 1666591491.7365
CHLD 2 163.753906 1666591491.7366
MEM 535.820312 1666591491.8605
CHLD 0 171.742188 1666591491.8835
CHLD 1 192.128906 1666591491.8836
CHLD 2 164.269531 1666591491.8837
MEM 540.253906 1666591492.0075
CHLD 0 173.031250 1666591492.0305
CHLD 1 194.964844 1666591492.0306
CHLD 2 164.835938 1666591492.0307
MEM 544.960938 1666591492.1545
CHLD 0 174.023438 1666591492.1776
CHLD 1 197.910156 1666591492.1777
CHLD 2 165.347656 1666591492.1778
MEM 549.343750 1666591492.3017
CHLD 0 175.312500 1666591492.3247
CHLD 1 200.746094 1666591492.3248
CHLD 2 165.863281 1666591492.3249
MEM 554.042969 1666591492.4486
CHLD 0 176.343750 1666591492.4717
CHLD 1 203.382812 1666591492.4718
CHLD 2 166.378906 1666591492.4718
MEM 558.425781 1666591492.5956
CHLD 0 177.632812 1666591492.6187
CHLD 1 206.476562 1666591492.6188
CHLD 2 166.894531 1666591492.6188
MEM 563.066406 1666591492.7426
CHLD 0 178.664062 1666591492.7658
CHLD 1 209.312500 1666591492.7659
CHLD 2 167.410156 1666591492.7659
MEM 567.449219 1666591492.8898
CHLD 0 179.953125 1666591492.9129
CHLD 1 212.148438 1666591492.9130
CHLD 2 167.925781 1666591492.9131
MEM 572.089844 1666591493.0370
CHLD 0 180.984375 1666591493.0604
CHLD 1 214.984375 1666591493.0605
CHLD 2 168.441406 1666591493.0606
MEM 576.472656 1666591493.1844
CHLD 0 182.273438 1666591493.2075
CHLD 1 217.820312 1666591493.2076
CHLD 2 168.957031 1666591493.2077
MEM 581.253906 1666591493.3316
CHLD 0 183.304688 1666591493.3548
CHLD 1 220.539062 1666591493.3549
CHLD 2 169.472656 1666591493.3550
MEM 585.636719 1666591493.4788
CHLD 0 184.593750 1666591493.5020
CHLD 1 223.632812 1666591493.5021
CHLD 2 169.988281 1666591493.5021
MEM 590.019531 1666591493.6259
CHLD 0 185.625000 1666591493.6489
CHLD 1 226.468750 1666591493.6490
CHLD 2 170.503906 1666591493.6491
MEM 594.453125 1666591493.7729
CHLD 0 186.914062 1666591493.7960
CHLD 1 229.097656 1666591493.7961
CHLD 2 171.019531 1666591493.7962
MEM 598.753906 1666591493.9200
CHLD 0 187.945312 1666591493.9430
CHLD 1 231.933594 1666591493.9431
CHLD 2 171.453125 1666591493.9432
MEM 603.523438 1666591494.0674
CHLD 0 189.105469 1666591494.0905
CHLD 1 234.769531 1666591494.0911
CHLD 2 171.968750 1666591494.0912
MEM 607.906250 1666591494.2152
CHLD 0 190.136719 1666591494.2385
CHLD 1 237.605469 1666591494.2386
CHLD 2 172.484375 1666591494.2387
MEM 612.546875 1666591494.3626
CHLD 0 191.425781 1666591494.3857
CHLD 1 240.699219 1666591494.3858
CHLD 2 173.000000 1666591494.3858
MEM 616.929688 1666591494.5097
CHLD 0 192.457031 1666591494.5332
CHLD 1 243.535156 1666591494.5333
CHLD 2 173.515625 1666591494.5334
MEM 621.570312 1666591494.6573
CHLD 0 193.746094 1666591494.6803
CHLD 1 246.371094 1666591494.6804
CHLD 2 174.031250 1666591494.6805
MEM 625.953125 1666591494.8044
CHLD 0 194.777344 1666591494.8274
CHLD 1 249.207031 1666591494.8275
CHLD 2 174.546875 1666591494.8276
MEM 630.593750 1666591494.9516
CHLD 0 196.066406 1666591494.9747
CHLD 1 252.042969 1666591494.9748
CHLD 2 175.062500 1666591494.9749
MEM 634.718750 1666591495.0988
CHLD 0 197.097656 1666591495.1224
CHLD 1 254.878906 1666591495.1224
CHLD 2 175.578125 1666591495.1225
MEM 639.464844 1666591495.2464
CHLD 0 198.386719 1666591495.2695
CHLD 1 257.820312 1666591495.2696
CHLD 2 176.093750 1666591495.2697
MEM 644.105469 1666591495.3935
CHLD 0 199.417969 1666591495.4166
CHLD 1 260.656250 1666591495.4167
CHLD 2 176.609375 1666591495.4168
MEM 648.488281 1666591495.5407
CHLD 0 200.707031 1666591495.5638
CHLD 1 263.492188 1666591495.5639
CHLD 2 177.125000 1666591495.5639
MEM 653.128906 1666591495.6878
CHLD 0 201.738281 1666591495.7109
CHLD 1 266.328125 1666591495.7110
CHLD 2 177.640625 1666591495.7111
MEM 657.453125 1666591495.8349
CHLD 0 203.027344 1666591495.8580
CHLD 1 269.105469 1666591495.8581
CHLD 2 178.156250 1666591495.8581
MEM 662.093750 1666591495.9821
CHLD 0 204.058594 1666591496.0052
CHLD 1 271.941406 1666591496.0053
CHLD 2 178.671875 1666591496.0054
MEM 666.734375 1666591496.1292
CHLD 0 205.347656 1666591496.1525
CHLD 1 274.777344 1666591496.1526
CHLD 2 179.187500 1666591496.1527
MEM 671.117188 1666591496.2764
CHLD 0 206.378906 1666591496.2995
CHLD 1 277.613281 1666591496.2996
CHLD 2 179.703125 1666591496.2997
MEM 675.757812 1666591496.4236
CHLD 0 207.410156 1666591496.4466
CHLD 1 280.707031 1666591496.4467
CHLD 2 179.960938 1666591496.4468
MEM 680.140625 1666591496.5707
CHLD 0 208.699219 1666591496.5938
CHLD 1 283.542969 1666591496.5939
CHLD 2 180.476562 1666591496.5939
MEM 684.781250 1666591496.7178
CHLD 0 209.730469 1666591496.7409
CHLD 1 286.378906 1666591496.7410
CHLD 2 180.992188 1666591496.7411
MEM 689.164062 1666591496.8649
CHLD 0 211.019531 1666591496.8880
CHLD 1 289.214844 1666591496.8881
CHLD 2 181.507812 1666591496.8882
MEM 694.320312 1666591497.0316
CHLD 0 212.308594 1666591497.0548
CHLD 1 292.566406 1666591497.0548
CHLD 2 182.281250 1666591497.0549
MEM 698.703125 1666591497.1788
CHLD 0 213.339844 1666591497.2019
CHLD 1 295.402344 1666591497.2020
CHLD 2 182.796875 1666591497.2021
MEM 703.343750 1666591497.3260
CHLD 0 214.628906 1666591497.3490
CHLD 1 298.238281 1666591497.3491
CHLD 2 183.312500 1666591497.3491
MEM 707.726562 1666591497.4730
CHLD 0 215.660156 1666591497.4960
CHLD 1 301.074219 1666591497.4961
CHLD 2 183.828125 1666591497.4962
MEM 712.382812 1666591497.6201
CHLD 0 216.691406 1666591497.6434
CHLD 1 303.910156 1666591497.6435
CHLD 2 184.101562 1666591497.6435
MEM 716.761719 1666591497.7674
CHLD 0 217.980469 1666591497.7907
CHLD 1 306.746094 1666591497.7908
CHLD 2 184.613281 1666591497.7908
MEM 721.296875 1666591497.9148
CHLD 0 219.160156 1666591497.9379
CHLD 1 309.582031 1666591497.9380
CHLD 2 185.128906 1666591497.9381
MEM 725.675781 1666591498.0621
CHLD 0 220.191406 1666591498.0852
CHLD 1 312.417969 1666591498.0853
CHLD 2 185.644531 1666591498.0854
MEM 730.433594 1666591498.2093
CHLD 0 221.222656 1666591498.2325
CHLD 1 315.371094 1666591498.2326
CHLD 2 186.160156 1666591498.2327
MEM 734.816406 1666591498.3565
CHLD 0 222.511719 1666591498.3797
CHLD 1 318.207031 1666591498.3798
CHLD 2 186.675781 1666591498.3798
MEM 739.457031 1666591498.5038
CHLD 0 223.542969 1666591498.5271
CHLD 1 321.042969 1666591498.5272
CHLD 2 187.191406 1666591498.5273
MEM 743.839844 1666591498.6513
CHLD 0 224.832031 1666591498.6744
CHLD 1 323.878906 1666591498.6745
CHLD 2 187.707031 1666591498.6745
MEM 748.222656 1666591498.7984
CHLD 0 225.863281 1666591498.8217
CHLD 1 326.714844 1666591498.8218
CHLD 2 188.222656 1666591498.8219
MEM 753.121094 1666591498.9458
CHLD 0 227.152344 1666591498.9689
CHLD 1 329.550781 1666591498.9690
CHLD 2 188.738281 1666591498.9691
MEM 757.503906 1666591499.0931
CHLD 0 228.183594 1666591499.1163
CHLD 1 332.386719 1666591499.1164
CHLD 2 189.253906 1666591499.1165
MEM 762.128906 1666591499.2405
CHLD 0 229.472656 1666591499.2637
CHLD 1 335.464844 1666591499.2638
CHLD 2 189.769531 1666591499.2638
MEM 766.511719 1666591499.3877
CHLD 0 230.503906 1666591499.4110
CHLD 1 338.042969 1666591499.4111
CHLD 2 190.285156 1666591499.4112
MEM 771.152344 1666591499.5351
CHLD 0 231.535156 1666591499.5582
CHLD 1 340.878906 1666591499.5583
CHLD 2 190.800781 1666591499.5584
MEM 775.535156 1666591499.6824
CHLD 0 232.824219 1666591499.7056
CHLD 1 343.972656 1666591499.7057
CHLD 2 191.316406 1666591499.7058
MEM 780.175781 1666591499.8297
CHLD 0 233.855469 1666591499.8530
CHLD 1 346.808594 1666591499.8531
CHLD 2 191.832031 1666591499.8532
MEM 784.558594 1666591499.9771
CHLD 0 235.144531 1666591500.0015
CHLD 1 349.644531 1666591500.0016
CHLD 2 192.347656 1666591500.0017
MEM 787.910156 1666591500.1674
CHLD 0 236.433594 1666591500.1934
CHLD 1 350.675781 1666591500.1935
CHLD 2 192.863281 1666591500.1936
MEM 709.839844 1666591500.3212
CHLD 0 237.722656 1666591500.3476
CHLD 1 256.550781 1666591500.3477
CHLD 2 193.378906 1666591500.3478
MEM 629.394531 1666591500.4753
CHLD 0 239.011719 1666591500.5017
CHLD 1 174.550781 1666591500.5018
CHLD 2 194.152344 1666591500.5019
MEM 442.390625 1666591500.6252
CHLD 0 240.042969 1666591500.6479
CHLD 1 194.410156 1666591500.6479
MEM 444.195312 1666591500.7712
CHLD 0 241.074219 1666591500.7937
CHLD 1 194.925781 1666591500.7938
MEM 445.742188 1666591500.9170
CHLD 0 242.363281 1666591500.9396
CHLD 1 195.441406 1666591500.9397
MEM 447.546875 1666591501.0630
CHLD 0 243.394531 1666591501.0858
CHLD 1 195.957031 1666591501.0859
MEM 449.093750 1666591501.2091
CHLD 0 244.683594 1666591501.2318
CHLD 1 196.472656 1666591501.2319
MEM 450.640625 1666591501.3553
CHLD 0 245.714844 1666591501.3779
CHLD 1 196.988281 1666591501.3780
MEM 452.445312 1666591501.5012
CHLD 0 246.746094 1666591501.5237
CHLD 1 197.503906 1666591501.5238
MEM 453.992188 1666591501.6469
CHLD 0 248.035156 1666591501.6694
CHLD 1 198.019531 1666591501.6694
MEM 455.539062 1666591501.7927
CHLD 0 249.066406 1666591501.8152
CHLD 1 198.535156 1666591501.8153
MEM 457.343750 1666591501.9385
CHLD 0 250.355469 1666591501.9777
CHLD 1 199.050781 1666591501.9778
MEM 459.148438 1666591502.1009
CHLD 0 251.386719 1666591502.1236
CHLD 1 199.566406 1666591502.1237
MEM 460.695312 1666591502.2469
CHLD 0 252.675781 1666591502.2694
CHLD 1 200.082031 1666591502.2695
MEM 461.984375 1666591502.3987
CHLD 0 253.191406 1666591502.4272
CHLD 1 200.597656 1666591502.4273
MEM 424.554688 1666591502.5526
CHLD 0 215.246094 1666591502.5772
CHLD 1 201.113281 1666591502.5773
MEM 8.195312 1666591502.7024
CHLD 0 201.628906 1666591502.7246
MEM 210.339844 1666591502.8472
CHLD 0 202.144531 1666591502.8693
MEM 210.855469 1666591502.9919
CHLD 0 202.660156 1666591503.0138
MEM 211.371094 1666591503.1365
CHLD 0 203.175781 1666591503.1584
MEM 211.886719 1666591503.2811
CHLD 0 203.691406 1666591503.3032
MEM 212.402344 1666591503.4258
CHLD 0 204.207031 1666591503.4478
MEM 212.917969 1666591503.5704
CHLD 0 204.722656 1666591503.5924
MEM 213.433594 1666591503.7150
CHLD 0 205.238281 1666591503.7371
MEM 213.691406 1666591503.8597
CHLD 0 205.753906 1666591503.8817
MEM 214.207031 1666591504.0043
CHLD 0 206.269531 1666591504.0264
MEM 214.722656 1666591504.1490
CHLD 0 206.785156 1666591504.1710
MEM 215.238281 1666591504.2937
CHLD 0 207.300781 1666591504.3158
MEM 215.753906 1666591504.4384
CHLD 0 207.816406 1666591504.4605
MEM 216.269531 1666591504.6025
CHLD 0 208.332031 1666591504.6247
MEM 216.785156 1666591504.7472
CHLD 0 208.847656 1666591504.7693
MEM 217.300781 1666591504.8919
CHLD 0 209.363281 1666591504.9140
MEM 217.816406 1666591505.0364
CHLD 0 209.878906 1666591505.0585
MEM 218.453125 1666591505.1813
CHLD 0 210.257812 1666591505.2039
MEM 218.964844 1666591505.3265
CHLD 0 210.769531 1666591505.3486
MEM 219.480469 1666591505.4712
CHLD 0 211.285156 1666591505.4933
MEM 219.996094 1666591505.6158
CHLD 0 211.800781 1666591505.6378
MEM 220.511719 1666591505.7604
CHLD 0 212.316406 1666591505.7825
MEM 221.027344 1666591505.9050
CHLD 0 212.832031 1666591505.9271
MEM 221.285156 1666591506.0497
CHLD 0 213.347656 1666591506.0720
MEM 221.800781 1666591506.1948
CHLD 0 213.863281 1666591506.2170
MEM 222.316406 1666591506.3395
CHLD 0 214.378906 1666591506.3616
MEM 222.832031 1666591506.4842
CHLD 0 214.894531 1666591506.5062
MEM 223.347656 1666591506.6295
CHLD 0 215.410156 1666591506.6516
MEM 223.863281 1666591506.7740
CHLD 0 215.925781 1666591506.7961
MEM 224.378906 1666591506.9188
CHLD 0 216.183594 1666591506.9408
MEM 224.894531 1666591507.0632
CHLD 0 216.699219 1666591507.0853
MEM 225.410156 1666591507.2080
CHLD 0 217.214844 1666591507.2301
MEM 225.925781 1666591507.3526
CHLD 0 217.730469 1666591507.3747
MEM 226.441406 1666591507.4972
CHLD 0 218.246094 1666591507.5193
MEM 226.957031 1666591507.6419
CHLD 0 218.761719 1666591507.6639
MEM 227.472656 1666591507.7865
CHLD 0 219.277344 1666591507.8085
MEM 227.988281 1666591507.9311
CHLD 0 219.792969 1666591507.9532
MEM 228.503906 1666591508.0759
CHLD 0 220.308594 1666591508.0980
MEM 229.019531 1666591508.2206
CHLD 0 220.824219 1666591508.2425
MEM 229.535156 1666591508.3652
CHLD 0 221.339844 1666591508.3874
MEM 230.050781 1666591508.5099
CHLD 0 221.855469 1666591508.5321
MEM 230.566406 1666591508.6546
CHLD 0 222.371094 1666591508.6767
MEM 231.082031 1666591508.7991
CHLD 0 222.886719 1666591508.8213
MEM 231.339844 1666591508.9439
CHLD 0 223.402344 1666591508.9661
MEM 231.855469 1666591509.0885
CHLD 0 223.917969 1666591509.1107
MEM 232.371094 1666591509.2333
CHLD 0 224.433594 1666591509.2554
MEM 232.886719 1666591509.3779
CHLD 0 224.949219 1666591509.4000
MEM 233.402344 1666591509.5227
CHLD 0 225.464844 1666591509.5449
MEM 233.917969 1666591509.6676
CHLD 0 225.980469 1666591509.6896
MEM 234.433594 1666591509.8121
CHLD 0 226.238281 1666591509.8342
MEM 234.949219 1666591509.9567
CHLD 0 226.753906 1666591509.9788
MEM 235.464844 1666591510.1014
CHLD 0 227.269531 1666591510.1235
MEM 235.980469 1666591510.2460
CHLD 0 227.785156 1666591510.2682
MEM 236.496094 1666591510.3908
CHLD 0 228.300781 1666591510.4129
MEM 237.011719 1666591510.5355
CHLD 0 228.816406 1666591510.5575
MEM 237.527344 1666591510.6801
CHLD 0 229.332031 1666591510.7023
MEM 238.042969 1666591510.8248
CHLD 0 229.847656 1666591510.8469
MEM 238.558594 1666591510.9695
CHLD 0 230.363281 1666591510.9916
MEM 239.074219 1666591511.1141
CHLD 0 230.878906 1666591511.1364
MEM 239.589844 1666591511.2590
CHLD 0 231.394531 1666591511.2811
MEM 240.105469 1666591511.4038
CHLD 0 231.910156 1666591511.4259
MEM 240.621094 1666591511.5484
CHLD 0 232.425781 1666591511.5706
MEM 240.878906 1666591511.6932
CHLD 0 232.941406 1666591511.7154
MEM 241.394531 1666591511.8379
CHLD 0 233.457031 1666591511.8600
MEM 242.167969 1666591511.9947
CHLD 0 233.972656 1666591512.0167
MEM 242.425781 1666591512.1393
CHLD 0 234.488281 1666591512.1612
MEM 242.941406 1666591512.2837
CHLD 0 235.003906 1666591512.3056
MEM 243.457031 1666591512.4281
CHLD 0 235.519531 1666591512.4501
MEM 243.972656 1666591512.5726
CHLD 0 236.035156 1666591512.5945
MEM 244.488281 1666591512.7170
CHLD 0 236.550781 1666591512.7390
MEM 245.003906 1666591512.8615
CHLD 0 237.066406 1666591512.8835
MEM 245.519531 1666591513.0060
CHLD 0 237.324219 1666591513.0278
MEM 246.035156 1666591513.1502
CHLD 0 237.839844 1666591513.1722
MEM 246.550781 1666591513.2947
CHLD 0 238.355469 1666591513.3166
MEM 247.066406 1666591513.4391
CHLD 0 238.871094 1666591513.4610
MEM 247.582031 1666591513.5836
CHLD 0 239.386719 1666591513.6056
MEM 248.097656 1666591513.7282
CHLD 0 239.902344 1666591513.7501
MEM 248.613281 1666591513.8726
CHLD 0 240.417969 1666591513.8946
MEM 249.128906 1666591514.0171
CHLD 0 240.933594 1666591514.0390
MEM 249.644531 1666591514.1615
CHLD 0 241.449219 1666591514.1836
MEM 250.160156 1666591514.3061
CHLD 0 241.964844 1666591514.3279
MEM 250.675781 1666591514.4503
CHLD 0 242.480469 1666591514.4723
MEM 251.191406 1666591514.5947
CHLD 0 242.996094 1666591514.6167
MEM 251.707031 1666591514.7392
CHLD 0 243.511719 1666591514.7612
MEM 251.964844 1666591514.8837
CHLD 0 244.027344 1666591514.9057
MEM 252.480469 1666591515.0282
CHLD 0 244.542969 1666591515.0502
MEM 252.996094 1666591515.1727
CHLD 0 245.058594 1666591515.1946
MEM 253.511719 1666591515.3171
CHLD 0 245.574219 1666591515.3392
MEM 254.027344 1666591515.4617
CHLD 0 246.089844 1666591515.4836
MEM 254.542969 1666591515.6061
CHLD 0 246.605469 1666591515.6279
MEM 255.058594 1666591515.7504
CHLD 0 246.863281 1666591515.7724
MEM 255.574219 1666591515.8949
CHLD 0 247.378906 1666591515.9169
MEM 256.089844 1666591516.0395
CHLD 0 247.894531 1666591516.0614
MEM 256.605469 1666591516.1839
CHLD 0 248.410156 1666591516.2058
MEM 257.121094 1666591516.3283
CHLD 0 248.925781 1666591516.3502
MEM 257.636719 1666591516.4727
CHLD 0 249.441406 1666591516.4946
MEM 258.152344 1666591516.6171
CHLD 0 249.957031 1666591516.6390
MEM 258.667969 1666591516.7614
CHLD 0 250.472656 1666591516.7835
MEM 259.183594 1666591516.9059
CHLD 0 250.988281 1666591516.9278
MEM 259.699219 1666591517.0503
CHLD 0 251.503906 1666591517.0723
MEM 260.214844 1666591517.1948
CHLD 0 252.019531 1666591517.2166
MEM 260.730469 1666591517.3391
CHLD 0 252.535156 1666591517.3610
MEM 261.246094 1666591517.4835
CHLD 0 253.050781 1666591517.5054
MEM 261.503906 1666591517.6279
CHLD 0 253.566406 1666591517.6499
MEM 262.019531 1666591517.7724
CHLD 0 254.082031 1666591517.7943
MEM 262.535156 1666591517.9168
CHLD 0 254.597656 1666591517.9388
MEM 263.050781 1666591518.0612
CHLD 0 255.113281 1666591518.0832
MEM 263.566406 1666591518.2059
CHLD 0 255.628906 1666591518.2278
MEM 264.082031 1666591518.3502
CHLD 0 255.886719 1666591518.3721
MEM 264.597656 1666591518.4946
CHLD 0 256.402344 1666591518.5165
MEM 265.113281 1666591518.6390
CHLD 0 256.917969 1666591518.6609
MEM 265.628906 1666591518.7836
CHLD 0 257.433594 1666591518.8057
MEM 266.144531 1666591518.9281
CHLD 0 257.949219 1666591518.9501
MEM 266.660156 1666591519.0726
CHLD 0 258.464844 1666591519.0944
MEM 267.175781 1666591519.2168
CHLD 0 258.980469 1666591519.2388
MEM 267.691406 1666591519.3629
CHLD 0 259.496094 1666591519.3850
MEM 268.207031 1666591519.5076
CHLD 0 260.011719 1666591519.5296
MEM 268.722656 1666591519.6522
CHLD 0 260.527344 1666591519.6742
MEM 269.238281 1666591519.7966
CHLD 0 261.042969 1666591519.8188
MEM 269.496094 1666591519.9471
CHLD 0 261.300781 1666591519.9749
MEM 231.363281 1666591520.1017
CHLD 0 0.000000 1666591520.1265
