31.765498638153076
31.967065572738647
31.78592300415039
31.940446376800537
32.09868144989014
32.22764444351196
31.58645534515381
32.28372836112976
32.00380277633667
32.783522605895996
31.307427406311035
33.35652542114258
32.05436444282532
32.33830237388611
32.453489780426025
31.212855577468872
32.30392384529114
31.759568691253662
32.086692333221436
32.505067110061646
32.220571756362915
32.124094009399414
32.311925172805786
31.645837545394897
32.463480949401855
32.698774099349976
32.34047293663025
32.131823778152466
31.843692302703857
31.93449854850769
31.865214347839355
32.303731203079224
31.498957633972168
32.35669827461243
31.66329574584961
32.35608148574829
32.40030026435852
32.51739430427551
32.18378829956055
32.09699487686157
32.601887941360474
32.05401563644409
32.66061997413635
31.77111291885376
31.960784435272217
31.88233971595764
31.871784210205078
32.782153844833374
32.888888120651245
32.57757258415222
