1048576
9984528
10619560
24708864
38611184
45358976
59900360
56218912
75073672
91561720
98607520
109846072
119186600
138108736
158630208
175956016
207384400
207518808
225858080
231585640
252981760
282254504
306971608
315277064
324223488
312165376
350962688
322843648
419836928
428389592
433951008
454033408
462144448
473367080
462709416
475124464
495685832
545121792
528697088
535154208
542456024
542305632
560910120
547714288
551938304
554754608
561969464
583552072
579532720
591305528
584938480
595552352
605698208
605533816
653399176
655847136
661641696
663367984
665803392
669389488
671638688
673469488
720131120
699847808
701459648
441837592
490596376
535158808
446950304
495182752
543943584
591651744
640412576
455496232
500582952
549343784
598100520
653675048
672027176
501835264
550067712
596731392
646014464
508765184
440922112
436122528
484881312
533638048
582398880
632204192
681487264
445948720
467966768
489988912
512006960
551330608
599038768
647273264
695507760
743742256
810328880
810332928
612148016
312467848
337107336
384819592
313864192
360525824
