47.855196714401245
48.210320234298706
48.62433648109436
48.78935146331787
49.4651575088501
47.90395545959473
47.913055181503296
48.05599522590637
48.0128653049469
48.87717342376709
48.45333647727966
47.908440589904785
48.16936159133911
48.15472078323364
48.56490993499756
48.383931398391724
48.352954387664795
48.38188052177429
48.136003494262695
48.37050414085388
47.968642473220825
48.925699949264526
48.88578510284424
48.01713156700134
47.658483266830444
49.725974321365356
47.93703103065491
49.03920817375183
48.5864520072937
47.950376987457275
48.60476565361023
48.70702934265137
48.24584913253784
48.64356827735901
47.86176323890686
48.43533539772034
48.436466455459595
48.487064361572266
48.184940576553345
49.12303829193115
48.02379274368286
48.26707172393799
48.735010862350464
48.728737592697144
48.4127631187439
48.73447251319885
48.36196303367615
47.82994055747986
48.95042037963867
47.73566675186157
