51.4074809551239
50.42027020454407
51.5916862487793
51.287211894989014
52.36881446838379
51.193830490112305
51.15885305404663
51.05901861190796
51.66171836853027
52.05004048347473
51.744760274887085
51.529788970947266
51.47030806541443
50.4001898765564
51.48142051696777
51.50246500968933
50.97648239135742
50.92744207382202
50.95989108085632
50.78891372680664
50.92077612876892
50.77197980880737
51.88031578063965
51.21068072319031
51.20289134979248
52.07927680015564
51.930655002593994
51.618237257003784
52.32652521133423
51.5807785987854
50.840649366378784
51.64274859428406
51.901949644088745
50.815412282943726
50.87088680267334
50.93933582305908
50.65603995323181
51.50249695777893
51.25287580490112
50.5811243057251
51.33376955986023
51.43371891975403
51.04419255256653
50.80788493156433
50.496431827545166
50.48780131340027
50.72346043586731
51.3458776473999
52.42430353164673
50.67478156089783
