1048576
14451480
19233208
28162880
41106944
60657664
66889472
71835040
72762576
76113056
83657600
86381872
117234176
117664016
125729840
137676856
145603072
184398336
187244688
197356872
202317824
212338688
222170752
283234080
283077672
255372464
259228520
276629504
286066688
299171840
313851904
302684672
319988224
328376832
336765440
358785536
366125568
351799296
362994464
361236480
388401432
392593944
396265880
400460184
404654488
125207064
118551552
130083840
141095936
183561216
194046976
204532736
215018496
196608000
193988608
204474368
214960128
261619712
265291776
275777536
281020416
286785536
303562752
274202624
74448896
27262976
77072384
42679080
89865000
56090280
103276200
59056640
88943104
117254656
138748416
173877760
62442080
110150240
168870496
73105920
120816128
168524288
77022208
125254656
172966912
89084304
137318800
158812560
191320464
104212832
151396704
198582624
109015040
156725248
204433408
114819072
141467280
172402320
193373840
237414032
147516736
194702656
242414912
151424992
198086624
243175392
155039744
189640704
234729472
160432128
197658624
167772160
214958080
121515056
182332464
227943472
272510000
149307904
168225280
215937536
263645696
170324480
216984064
264169984
157668864
202755584
250467840
167683312
203334896
241605872
289318128
183411024
230070608
241604944
263102800
155826720
203012640
238664224
337752608
337758128
349813280
213161392
216760320
263946240
309557248
356743168
