1596160
16548632
28171568
40751616
60780848
57564000
82430336
86081824
94415128
122559656
129494136
140598864
187948000
187950280
193917312
203402632
212691704
198807040
261201168
261203448
268331872
274414000
279971840
297209872
303312936
319314000
315833976
324767592
334523544
341103920
64619520
90368528
101612296
112854016
146701064
128713728
131668480
143202816
154570496
144789392
151080848
157372304
197218192
192658432
198779280
205239296
176320200
170068416
181602752
192674816
203622848
189004800
253494272
253496400
255065088
266599424
272892928
259261440
260330528
13378288
29141760
23281728
43880408
17979672
19486600
67719048
48280112
23055872
31839264
64345120
30135120
64736080
116642640
32307120
50662656
104662272
53224064
101984896
52446720
107494912
57812480
66723328
93464064
118103552
143795712
173155840
64575168
115955392
168382144
68970920
123494824
177498536
73202688
143455232
186973184
103541344
152822368
173793888
95344640
147771392
199151616
99461112
152414200
205365240
103996416
156949504
205706240
109428224
138262016
170767872
256228864
252034560
277200384
134456400
175348816
200514640
223583312
253992016
306420816
144031232
192265728
244168192
296596992
349552128
148608512
201561600
253990400
305892864
157812736
210765824
263194624
315623424
165152768
193988608
296749056
310902784
361234432
202377216
256378880
309856256
