41.11770153045654
40.57460403442383
40.27739357948303
41.49117732048035
40.955201148986816
40.59604358673096
40.74401903152466
40.74258303642273
41.23483610153198
41.50228953361511
41.060242891311646
40.88543653488159
41.312827348709106
40.80486869812012
41.944257736206055
40.800485610961914
41.01407194137573
40.16521239280701
42.166584730148315
41.01350021362305
41.32945418357849
41.288859605789185
41.50588893890381
41.40025043487549
41.241246938705444
41.41404914855957
41.26840829849243
41.52136826515198
40.850539207458496
41.49041247367859
41.028751850128174
41.30795454978943
41.67083239555359
41.19603395462036
40.45098257064819
41.423242807388306
41.12564420700073
41.34920883178711
40.84478259086609
41.672260999679565
41.116074323654175
41.18067789077759
41.2130172252655
41.428871154785156
41.046715259552
41.099401235580444
40.41700005531311
41.99128556251526
41.36112856864929
41.63674449920654
