43.76148438453674
42.9631609916687
42.56543850898743
42.790624141693115
42.67148804664612
43.30090856552124
43.58601641654968
42.6026713848114
43.54480004310608
43.442683935165405
44.069886684417725
44.403533935546875
43.190115451812744
43.112865924835205
44.3573739528656
42.70705723762512
43.34154653549194
43.298165798187256
43.46338081359863
43.35824728012085
41.60287690162659
42.705291509628296
43.3950777053833
42.779367208480835
42.775553941726685
43.02169966697693
43.815417528152466
43.90042567253113
43.09685277938843
43.62402009963989
43.705597162246704
43.96773624420166
43.09985303878784
43.53693389892578
42.10710954666138
43.291743755340576
43.861976861953735
45.16553616523743
44.08482313156128
44.639496088027954
43.21598219871521
42.50699019432068
44.12141680717468
42.94848394393921
43.34548330307007
43.91100549697876
41.96718668937683
45.16483497619629
44.042481660842896
43.53422260284424
