11.122246
11.867259
11.061953
12.042895
11.288969
11.59096
11.237064
11.306795
12.441354
11.058806
11.458838
11.274814
11.193549
10.94923
11.500782
11.700011
11.677991
11.375477
11.33563
11.1987915
11.307843
11.381244
10.795614
12.299273
10.881073
12.258378
11.617698
11.232347
11.167335
11.048845
11.405886
11.942232
11.664359
11.209277
11.07873
10.871636
11.004806
11.322
11.760304
11.3780985
11.191452
11.391729
11.447304
11.52752
10.758914
11.277435
11.455169
11.212423
10.915152
11.264852
