15.198585
14.458815
15.135671
14.800126
14.151057
14.296286
14.434173
13.839106
14.048821
14.034665
14.468776
14.459339
13.904642
13.462143
14.0577345
14.401667
13.969654
14.461436
14.228652
14.536409
14.468251
14.375977
14.194573
13.807124
13.676052
14.481883
14.292615
14.175175
14.075036
14.518059
13.694927
14.007927
13.832291
14.028898
13.911983
14.853079
14.451474
14.806417
14.477689
14.125367
14.677443
14.091813
14.515962
14.465106
14.045675
14.271119
14.126416
14.712046
14.045151
14.275313
