26.249600410461426
27.008944034576416
25.97024178504944
26.925081491470337
27.413772344589233
27.216845989227295
26.308688402175903
26.71393084526062
26.2339129447937
26.620263814926147
26.219858169555664
27.116426944732666
26.715698719024658
26.585362911224365
27.55867576599121
27.344025135040283
27.062448024749756
26.997731924057007
26.902458429336548
26.650506258010864
26.97102642059326
26.828733921051025
26.502771139144897
26.929566383361816
26.85491967201233
27.211570978164673
26.724939823150635
26.52660846710205
26.232301950454712
26.184649229049683
26.808680057525635
27.359050035476685
26.669513940811157
26.09940266609192
27.06269097328186
26.603989839553833
26.89535880088806
26.740787506103516
26.226170539855957
26.771195888519287
27.57803225517273
26.829818964004517
27.185590028762817
26.7855544090271
26.96219825744629
26.775809288024902
27.5751211643219
26.23091459274292
27.845324516296387
26.336172103881836
