1596160
8160056
20527072
34536464
32681392
49227696
67138624
80076160
88045424
108876832
118806904
132643672
148715544
188163512
209791800
191215728
216929048
214165232
260457904
265543496
285758792
301328544
312477360
328802232
339451856
391202112
393534088
415723008
431326720
450244984
441672720
401249184
429725520
455298520
407883776
487575552
518506496
541839784
461963176
506263040
524615168
479040248
519410424
615974912
528484352
571475968
554073112
557314160
560990208
566415928
599970360
577163776
580388864
586199752
591819880
659211816
625741600
684248088
696451288
699284480
708657216
723421184
728208384
728689424
703598112
712657864
718250992
722859184
452808360
507860648
598560424
614289064
658855592
478725672
533775912
589350440
638631464
491065224
546639752
601692040
656740232
493604864
546031616
602132480
656132096
500697088
436571648
492144128
547196416
598050304
652576256
444960256
507350528
552439296
604341760
660442624
715490816
