18.3265163898468
17.909580945968628
17.941124439239502
17.421648025512695
18.218487977981567
17.504010915756226
18.160168886184692
17.736318349838257
18.146668672561646
17.698431253433228
18.168606996536255
18.032625436782837
18.12775683403015
17.763944149017334
17.861952781677246
18.204317092895508
18.088806629180908
17.32968235015869
17.67842197418213
18.01422142982483
18.420466899871826
17.568037509918213
17.59567952156067
17.85391402244568
18.514432430267334
18.642456531524658
16.950992822647095
18.729722023010254
18.126089572906494
18.15214490890503
18.016616821289062
18.353463172912598
17.46063256263733
18.653032779693604
17.657410860061646
18.480217695236206
18.620543241500854
18.20993137359619
18.613598346710205
18.510422706604004
18.50956702232361
18.470188856124878
18.180049657821655
18.28037118911743
17.645021200180054
18.30514168739319
17.524174213409424
17.90037512779236
18.376401662826538
18.136054039001465
