17.702667236328125
17.426778316497803
17.674497842788696
18.196757316589355
18.870561838150024
18.620107650756836
17.525344133377075
17.723424196243286
17.618794679641724
18.052046537399292
17.296432495117188
19.04828119277954
17.795485258102417
17.905185222625732
17.503646850585938
18.258898973464966
17.879536628723145
18.69547939300537
17.448771476745605
18.344919681549072
17.438520908355713
18.220001220703125
18.218566179275513
18.230337381362915
18.520066261291504
18.163299798965454
18.46295166015625
17.948162078857422
17.902987718582153
17.80775475502014
18.12567639350891
18.229373931884766
17.90789031982422
17.948365926742554
17.647767543792725
17.935336589813232
17.64092993736267
18.273642778396606
18.228018522262573
17.55906581878662
17.605056047439575
17.668657302856445
17.84479546546936
17.79104733467102
17.6688449382782
18.968403816223145
17.42107844352722
17.59497046470642
18.08083963394165
17.719899654388428
