12.673630714416504
12.35733413696289
12.385935306549072
12.583964109420776
13.423067808151245
12.863445043563843
12.975735664367676
12.79852843284607
12.573614835739136
12.655401706695557
12.494540929794312
12.541627168655396
12.800048112869263
12.513850450515747
13.028888463973999
12.219851970672607
12.01379919052124
11.87716794013977
12.613540410995483
12.238365411758423
11.852947235107422
12.121318340301514
11.996932983398438
11.923902034759521
12.21182894706726
11.917333602905273
12.282630681991577
12.35362195968628
11.791165351867676
11.685839653015137
11.765844345092773
11.640244960784912
12.26676058769226
11.600630044937134
11.798601865768433
12.018618822097778
12.058833837509155
12.023828744888306
12.066618204116821
12.162843942642212
12.227372169494629
12.226586818695068
11.662841081619263
12.78234338760376
11.803648948669434
12.748461723327637
12.300199270248413
11.767313241958618
12.683411359786987
12.46163010597229
